00111101101000111101011100001010
00111101101001000010000000111111
00111101101001001111101111010011
00111101101001100110100110100100
00111101101010000110100101111000
00111101101010101111101100000001
00111101101011100001110111011000
00111101101100011101000110000000
00111101101101100001010101100111
00111101101110101110100011100001
00111101110000000100101100110000
00111101110001100011101101111101
00111101110011001011100011011100
00111101110100111100001001001011
00111101110110110101011010110001
00111101111000110111010011100001
00111101111011000001101110011001
00111101111101010100100101111111
00111101111111101111110100100111
00111110000001001001101010000111
00111110000010011111011111010000
00111110000011111001010110010111
00111110000101010111001011111111
00111110000110111000111100011100
00111110001000011110100011111101
00111110001010000111111110100101
00111110001011110101001000001101
00111110001101100101111100100101
00111110001111011010010111010111
00111110010001010010010011111111
00111110010011001101101101110100
00111110010101001100100000000011
00111110010111001110100101110000
00111110011001010011111001111001
00111110011011011100010111010001
00111110011101100111111000100101
00111110011111110110011000011011
00111110100001000011111000101000
00111110100010001101111110101101
00111110100011011001011011100100
00111110100100100110001100010011
00111110100101110100001101111001
00111110100111000011011101010101
00111110101000010011110111100010
00111110101001100101011001011000
00111110101010110111111111101100
00111110101100001011100111010010
00111110101101100000001100111000
00111110101110110101101101001100
00111110110000001100000100111011
00111110110001100011010000101100
00111110110010111011001101001000
00111110110100010011110110110100
00111110110101101101001010010010
00111110110111000111000100000110
00111110111000100001100000110000
00111110111001111100011100101110
00111110111011010111110100011111
00111110111100110011100100011111
00111110111110001111101001001010
00111110111111101011111110111100
00111111000000100100010001000111
00111111000001010010100111101101
00111111000010000001000001011101
00111111000010101111011100100100
00111111000011011101110111001110
00111111000100001100001111101000
00111111000100111010100011111110
00111111000101101000110010011101
00111111000110010110111001010011
00111111000111000100110110101100
00111111000111110010101000110110
00111111001000100000001110000000
00111111001001001101100100011000
00111111001001111010101010001101
00111111001010100111011101110000
00111111001011010011111101010000
00111111001100000000000111000000
00111111001100101011111001010001
00111111001101010111010010010111
00111111001110000010010000100101
00111111001110101100110010010001
00111111001111010110110101110000
00111111010000000000011001011100
00111111010000101001011011101011
00111111010001010001111010111000
00111111010001111001110101011111
00111111010010100001001001111100
00111111010011000111110110101101
00111111010011101101111010010010
00111111010100010011010011001101
00111111010100111000000000000000
00111111010101011011111111010001
00111111010101111111001111100101
00111111010110100001101111100101
00111111010111000011011101111100
00111111010111100100011001010101
00111111011000000100100000011110
00111111011000100011110010001001
00111111011001000010001101000110
00111111011001011111110000001010
00111111011001111100011010001100
00111111011010011000001010000101
00111111011010110010111110101111
00111111011011001100110111001000
00111111011011100101110010010000
00111111011011111101101111001000
00111111011100010100101100110101
00111111011100101010101010011110
00111111011100111111100111001100
00111111011101010011100010001011
00111111011101100110011010101010
00111111011101111000001111111001
00111111011110001001000001001101
00111111011110011000101101111011
00111111011110100111010101011101
00111111011110110100110111001110
00111111011111000001010010101101
00111111011111001100100111011010
00111111011111010110110100111010
00111111011111011111111010110011
00111111011111100111111000101110
00111111011111101110101110011000
00111111011111110100011011100000
00111111011111111000111111110111
00111111011111111100011011010010
00111111011111111110101101101001
00111111011111111111110110110110
00111111011111111111110110110110
00111111011111111110101101101001
00111111011111111100011011010010
00111111011111111000111111110111
00111111011111110100011011100000
00111111011111101110101110011000
00111111011111100111111000101110
00111111011111011111111010110011
00111111011111010110110100111010
00111111011111001100100111011010
00111111011111000001010010101101
00111111011110110100110111001110
00111111011110100111010101011101
00111111011110011000101101111011
00111111011110001001000001001101
00111111011101111000001111111001
00111111011101100110011010101010
00111111011101010011100010001011
00111111011100111111100111001100
00111111011100101010101010011110
00111111011100010100101100110101
00111111011011111101101111001000
00111111011011100101110010010000
00111111011011001100110111001000
00111111011010110010111110101111
00111111011010011000001010000101
00111111011001111100011010001100
00111111011001011111110000001010
00111111011001000010001101000110
00111111011000100011110010001001
00111111011000000100100000011110
00111111010111100100011001010101
00111111010111000011011101111100
00111111010110100001101111100101
00111111010101111111001111100101
00111111010101011011111111010001
00111111010100111000000000000000
00111111010100010011010011001101
00111111010011101101111010010010
00111111010011000111110110101101
00111111010010100001001001111100
00111111010001111001110101011111
00111111010001010001111010111000
00111111010000101001011011101011
00111111010000000000011001011100
00111111001111010110110101110000
00111111001110101100110010010001
00111111001110000010010000100101
00111111001101010111010010010111
00111111001100101011111001010001
00111111001100000000000111000000
00111111001011010011111101010000
00111111001010100111011101110000
00111111001001111010101010001101
00111111001001001101100100011000
00111111001000100000001110000000
00111111000111110010101000110110
00111111000111000100110110101100
00111111000110010110111001010011
00111111000101101000110010011101
00111111000100111010100011111110
00111111000100001100001111101000
00111111000011011101110111001110
00111111000010101111011100100100
00111111000010000001000001011101
00111111000001010010100111101101
00111111000000100100010001000111
00111110111111101011111110111100
00111110111110001111101001001010
00111110111100110011100100011111
00111110111011010111110100011111
00111110111001111100011100101110
00111110111000100001100000110000
00111110110111000111000100000110
00111110110101101101001010010010
00111110110100010011110110110100
00111110110010111011001101001000
00111110110001100011010000101100
00111110110000001100000100111011
00111110101110110101101101001100
00111110101101100000001100111000
00111110101100001011100111010010
00111110101010110111111111101100
00111110101001100101011001011000
00111110101000010011110111100010
00111110100111000011011101010101
00111110100101110100001101111001
00111110100100100110001100010011
00111110100011011001011011100100
00111110100010001101111110101101
00111110100001000011111000101000
00111110011111110110011000011011
00111110011101100111111000100101
00111110011011011100010111010001
00111110011001010011111001111001
00111110010111001110100101110000
00111110010101001100100000000011
00111110010011001101101101110100
00111110010001010010010011111111
00111110001111011010010111010111
00111110001101100101111100100101
00111110001011110101001000001101
00111110001010000111111110100101
00111110001000011110100011111101
00111110000110111000111100011100
00111110000101010111001011111111
00111110000011111001010110010111
00111110000010011111011111010000
00111110000001001001101010000111
00111101111111101111110100100111
00111101111101010100100101111111
00111101111011000001101110011001
00111101111000110111010011100001
00111101110110110101011010110001
00111101110100111100001001001011
00111101110011001011100011011100
00111101110001100011101101111101
00111101110000000100101100110000
00111101101110101110100011100001
00111101101101100001010101100111
00111101101100011101000110000000
00111101101011100001110111011000
00111101101010101111101100000001
00111101101010000110100101111000
00111101101001100110100110100100
00111101101001001111101111010011
00111101101001000010000000111111
00111101101000111101011100001010
