0011111110000000000000000000000000111111100000000000000000000000
0100000000000000000000000000000001000000000000000000000000000000
0100000001000000000000000000000001000000010000000000000000000000
0100000010000000000000000000000001000000100000000000000000000000
0100000010100000000000000000000001000000101000000000000000000000
0100000011000000000000000000000001000000110000000000000000000000
0100000011100000000000000000000001000000111000000000000000000000
0100000100000000000000000000000001000001000000000000000000000000
0100000100010000000000000000000001000001000100000000000000000000
0100000100100000000000000000000001000001001000000000000000000000
0100000100110000000000000000000001000001001100000000000000000000
0100000101000000000000000000000001000001010000000000000000000000
0100000101010000000000000000000001000001010100000000000000000000
0100000101100000000000000000000001000001011000000000000000000000
0100000101110000000000000000000001000001011100000000000000000000
0100000110000000000000000000000001000001100000000000000000000000
0100000110001000000000000000000001000001100010000000000000000000
0100000110010000000000000000000001000001100100000000000000000000
0100000110011000000000000000000001000001100110000000000000000000
0100000110100000000000000000000001000001101000000000000000000000
0100000110101000000000000000000001000001101010000000000000000000
0100000110110000000000000000000001000001101100000000000000000000
0100000110111000000000000000000001000001101110000000000000000000
0100000111000000000000000000000001000001110000000000000000000000
0100000111001000000000000000000001000001110010000000000000000000
0100000111010000000000000000000001000001110100000000000000000000
0100000111011000000000000000000001000001110110000000000000000000
0100000111100000000000000000000001000001111000000000000000000000
0100000111101000000000000000000001000001111010000000000000000000
0100000111110000000000000000000001000001111100000000000000000000
0100000111111000000000000000000001000001111110000000000000000000
0100001000000000000000000000000001000010000000000000000000000000
0100001000000100000000000000000001000010000001000000000000000000
0100001000001000000000000000000001000010000010000000000000000000
0100001000001100000000000000000001000010000011000000000000000000
0100001000010000000000000000000001000010000100000000000000000000
0100001000010100000000000000000001000010000101000000000000000000
0100001000011000000000000000000001000010000110000000000000000000
0100001000011100000000000000000001000010000111000000000000000000
0100001000100000000000000000000001000010001000000000000000000000
0100001000100100000000000000000001000010001001000000000000000000
0100001000101000000000000000000001000010001010000000000000000000
0100001000101100000000000000000001000010001011000000000000000000
0100001000110000000000000000000001000010001100000000000000000000
0100001000110100000000000000000001000010001101000000000000000000
0100001000111000000000000000000001000010001110000000000000000000
0100001000111100000000000000000001000010001111000000000000000000
0100001001000000000000000000000001000010010000000000000000000000
0100001001000100000000000000000001000010010001000000000000000000
0100001001001000000000000000000001000010010010000000000000000000
0100001001001100000000000000000001000010010011000000000000000000
0100001001010000000000000000000001000010010100000000000000000000
0100001001010100000000000000000001000010010101000000000000000000
0100001001011000000000000000000001000010010110000000000000000000
0100001001011100000000000000000001000010010111000000000000000000
0100001001100000000000000000000001000010011000000000000000000000
0100001001100100000000000000000001000010011001000000000000000000
0100001001101000000000000000000001000010011010000000000000000000
0100001001101100000000000000000001000010011011000000000000000000
0100001001110000000000000000000001000010011100000000000000000000
0100001001110100000000000000000001000010011101000000000000000000
0100001001111000000000000000000001000010011110000000000000000000
0100001001111100000000000000000001000010011111000000000000000000
0100001010000000000000000000000001000010100000000000000000000000
0100001010000010000000000000000001000010100000100000000000000000
0100001010000100000000000000000001000010100001000000000000000000
0100001010000110000000000000000001000010100001100000000000000000
0100001010001000000000000000000001000010100010000000000000000000
0100001010001010000000000000000001000010100010100000000000000000
0100001010001100000000000000000001000010100011000000000000000000
0100001010001110000000000000000001000010100011100000000000000000
0100001010010000000000000000000001000010100100000000000000000000
0100001010010010000000000000000001000010100100100000000000000000
0100001010010100000000000000000001000010100101000000000000000000
0100001010010110000000000000000001000010100101100000000000000000
0100001010011000000000000000000001000010100110000000000000000000
0100001010011010000000000000000001000010100110100000000000000000
0100001010011100000000000000000001000010100111000000000000000000
0100001010011110000000000000000001000010100111100000000000000000
0100001010100000000000000000000001000010101000000000000000000000
0100001010100010000000000000000001000010101000100000000000000000
0100001010100100000000000000000001000010101001000000000000000000
0100001010100110000000000000000001000010101001100000000000000000
0100001010101000000000000000000001000010101010000000000000000000
0100001010101010000000000000000001000010101010100000000000000000
0100001010101100000000000000000001000010101011000000000000000000
0100001010101110000000000000000001000010101011100000000000000000
0100001010110000000000000000000001000010101100000000000000000000
0100001010110010000000000000000001000010101100100000000000000000
0100001010110100000000000000000001000010101101000000000000000000
0100001010110110000000000000000001000010101101100000000000000000
0100001010111000000000000000000001000010101110000000000000000000
0100001010111010000000000000000001000010101110100000000000000000
0100001010111100000000000000000001000010101111000000000000000000
0100001010111110000000000000000001000010101111100000000000000000
0100001011000000000000000000000001000010110000000000000000000000
0100001011000010000000000000000001000010110000100000000000000000
0100001011000100000000000000000001000010110001000000000000000000
0100001011000110000000000000000001000010110001100000000000000000
0100001011001000000000000000000001000010110010000000000000000000
0100001011001010000000000000000001000010110010100000000000000000
0100001011001100000000000000000001000010110011000000000000000000
0100001011001110000000000000000001000010110011100000000000000000
0100001011010000000000000000000001000010110100000000000000000000
0100001011010010000000000000000001000010110100100000000000000000
0100001011010100000000000000000001000010110101000000000000000000
0100001011010110000000000000000001000010110101100000000000000000
0100001011011000000000000000000001000010110110000000000000000000
0100001011011010000000000000000001000010110110100000000000000000
0100001011011100000000000000000001000010110111000000000000000000
0100001011011110000000000000000001000010110111100000000000000000
0100001011100000000000000000000001000010111000000000000000000000
0100001011100010000000000000000001000010111000100000000000000000
0100001011100100000000000000000001000010111001000000000000000000
0100001011100110000000000000000001000010111001100000000000000000
0100001011101000000000000000000001000010111010000000000000000000
0100001011101010000000000000000001000010111010100000000000000000
0100001011101100000000000000000001000010111011000000000000000000
0100001011101110000000000000000001000010111011100000000000000000
0100001011110000000000000000000001000010111100000000000000000000
0100001011110010000000000000000001000010111100100000000000000000
0100001011110100000000000000000001000010111101000000000000000000
0100001011110110000000000000000001000010111101100000000000000000
0100001011111000000000000000000001000010111110000000000000000000
0100001011111010000000000000000001000010111110100000000000000000
0100001011111100000000000000000001000010111111000000000000000000
0100001011111110000000000000000001000010111111100000000000000000
0100001100000000000000000000000001000011000000000000000000000000
0100001100000001000000000000000001000011000000010000000000000000
0100001100000010000000000000000001000011000000100000000000000000
0100001100000011000000000000000001000011000000110000000000000000
0100001100000100000000000000000001000011000001000000000000000000
0100001100000101000000000000000001000011000001010000000000000000
0100001100000110000000000000000001000011000001100000000000000000
0100001100000111000000000000000001000011000001110000000000000000
0100001100001000000000000000000001000011000010000000000000000000
0100001100001001000000000000000001000011000010010000000000000000
0100001100001010000000000000000001000011000010100000000000000000
0100001100001011000000000000000001000011000010110000000000000000
0100001100001100000000000000000001000011000011000000000000000000
0100001100001101000000000000000001000011000011010000000000000000
0100001100001110000000000000000001000011000011100000000000000000
0100001100001111000000000000000001000011000011110000000000000000
0100001100010000000000000000000001000011000100000000000000000000
0100001100010001000000000000000001000011000100010000000000000000
0100001100010010000000000000000001000011000100100000000000000000
0100001100010011000000000000000001000011000100110000000000000000
0100001100010100000000000000000001000011000101000000000000000000
0100001100010101000000000000000001000011000101010000000000000000
0100001100010110000000000000000001000011000101100000000000000000
0100001100010111000000000000000001000011000101110000000000000000
0100001100011000000000000000000001000011000110000000000000000000
0100001100011001000000000000000001000011000110010000000000000000
0100001100011010000000000000000001000011000110100000000000000000
0100001100011011000000000000000001000011000110110000000000000000
0100001100011100000000000000000001000011000111000000000000000000
0100001100011101000000000000000001000011000111010000000000000000
0100001100011110000000000000000001000011000111100000000000000000
0100001100011111000000000000000001000011000111110000000000000000
0100001100100000000000000000000001000011001000000000000000000000
0100001100100001000000000000000001000011001000010000000000000000
0100001100100010000000000000000001000011001000100000000000000000
0100001100100011000000000000000001000011001000110000000000000000
0100001100100100000000000000000001000011001001000000000000000000
0100001100100101000000000000000001000011001001010000000000000000
0100001100100110000000000000000001000011001001100000000000000000
0100001100100111000000000000000001000011001001110000000000000000
0100001100101000000000000000000001000011001010000000000000000000
0100001100101001000000000000000001000011001010010000000000000000
0100001100101010000000000000000001000011001010100000000000000000
0100001100101011000000000000000001000011001010110000000000000000
0100001100101100000000000000000001000011001011000000000000000000
0100001100101101000000000000000001000011001011010000000000000000
0100001100101110000000000000000001000011001011100000000000000000
0100001100101111000000000000000001000011001011110000000000000000
0100001100110000000000000000000001000011001100000000000000000000
0100001100110001000000000000000001000011001100010000000000000000
0100001100110010000000000000000001000011001100100000000000000000
0100001100110011000000000000000001000011001100110000000000000000
0100001100110100000000000000000001000011001101000000000000000000
0100001100110101000000000000000001000011001101010000000000000000
0100001100110110000000000000000001000011001101100000000000000000
0100001100110111000000000000000001000011001101110000000000000000
0100001100111000000000000000000001000011001110000000000000000000
0100001100111001000000000000000001000011001110010000000000000000
0100001100111010000000000000000001000011001110100000000000000000
0100001100111011000000000000000001000011001110110000000000000000
0100001100111100000000000000000001000011001111000000000000000000
0100001100111101000000000000000001000011001111010000000000000000
0100001100111110000000000000000001000011001111100000000000000000
0100001100111111000000000000000001000011001111110000000000000000
0100001101000000000000000000000001000011010000000000000000000000
0100001101000001000000000000000001000011010000010000000000000000
0100001101000010000000000000000001000011010000100000000000000000
0100001101000011000000000000000001000011010000110000000000000000
0100001101000100000000000000000001000011010001000000000000000000
0100001101000101000000000000000001000011010001010000000000000000
0100001101000110000000000000000001000011010001100000000000000000
0100001101000111000000000000000001000011010001110000000000000000
0100001101001000000000000000000001000011010010000000000000000000
0100001101001001000000000000000001000011010010010000000000000000
0100001101001010000000000000000001000011010010100000000000000000
0100001101001011000000000000000001000011010010110000000000000000
0100001101001100000000000000000001000011010011000000000000000000
0100001101001101000000000000000001000011010011010000000000000000
0100001101001110000000000000000001000011010011100000000000000000
0100001101001111000000000000000001000011010011110000000000000000
0100001101010000000000000000000001000011010100000000000000000000
0100001101010001000000000000000001000011010100010000000000000000
0100001101010010000000000000000001000011010100100000000000000000
0100001101010011000000000000000001000011010100110000000000000000
0100001101010100000000000000000001000011010101000000000000000000
0100001101010101000000000000000001000011010101010000000000000000
0100001101010110000000000000000001000011010101100000000000000000
0100001101010111000000000000000001000011010101110000000000000000
0100001101011000000000000000000001000011010110000000000000000000
0100001101011001000000000000000001000011010110010000000000000000
0100001101011010000000000000000001000011010110100000000000000000
0100001101011011000000000000000001000011010110110000000000000000
0100001101011100000000000000000001000011010111000000000000000000
0100001101011101000000000000000001000011010111010000000000000000
0100001101011110000000000000000001000011010111100000000000000000
0100001101011111000000000000000001000011010111110000000000000000
0100001101100000000000000000000001000011011000000000000000000000
0100001101100001000000000000000001000011011000010000000000000000
0100001101100010000000000000000001000011011000100000000000000000
0100001101100011000000000000000001000011011000110000000000000000
0100001101100100000000000000000001000011011001000000000000000000
0100001101100101000000000000000001000011011001010000000000000000
0100001101100110000000000000000001000011011001100000000000000000
0100001101100111000000000000000001000011011001110000000000000000
0100001101101000000000000000000001000011011010000000000000000000
0100001101101001000000000000000001000011011010010000000000000000
0100001101101010000000000000000001000011011010100000000000000000
0100001101101011000000000000000001000011011010110000000000000000
0100001101101100000000000000000001000011011011000000000000000000
0100001101101101000000000000000001000011011011010000000000000000
0100001101101110000000000000000001000011011011100000000000000000
0100001101101111000000000000000001000011011011110000000000000000
0100001101110000000000000000000001000011011100000000000000000000
0100001101110001000000000000000001000011011100010000000000000000
0100001101110010000000000000000001000011011100100000000000000000
0100001101110011000000000000000001000011011100110000000000000000
0100001101110100000000000000000001000011011101000000000000000000
0100001101110101000000000000000001000011011101010000000000000000
0100001101110110000000000000000001000011011101100000000000000000
0100001101110111000000000000000001000011011101110000000000000000
0100001101111000000000000000000001000011011110000000000000000000
0100001101111001000000000000000001000011011110010000000000000000
0100001101111010000000000000000001000011011110100000000000000000
0100001101111011000000000000000001000011011110110000000000000000
0100001101111100000000000000000001000011011111000000000000000000
0100001101111101000000000000000001000011011111010000000000000000
0100001101111110000000000000000001000011011111100000000000000000
0100001101111111000000000000000001000011011111110000000000000000
0100001110000000000000000000000001000011100000000000000000000000
